26     56
27     56
28     56
29     56
30     56
31     56
32     56
33     56
52     56
53     56
54     56
55     56
57     56
58     56
59     56
60     56
61     56
62     56
63     56
64     56
65     56
66     56
67     56
99     56
100     56
101     56
102     56
103     56
104     56
105     56
106     56
107     56
108     56
109     56
116     56
117     56
118     56
119     56
120     56
121     56
122     56
123     56
124     56
125     56
126     56
127     56
128     56
129     56
130     56
131     56
132     56
133     56
134     56
157     56
158     56
159     56
160     56
161     56
162     56
163     56
186     56
187     56
188     56
189     56
190     56
191     56
192     56
222     56
223     56
224     56
225     56
226     56
227     56
228     56